248

 

 

 

 

&Effffls- sommss 031331114 somws
16, 13, 1 33, 6-7 16, 15, 25 42,1-2; 121,9-10
16, 13, 2. 3 193, 6-194, 10 16, 15, 26 «31, 11-13
[16, 13, 4 159, 14-15] 17, 7, 8 177, 16-173, 7
16, 13, 5 93, 17 sqq.; 104, 11 17, 7, 13 125, 20—22

-14 17, 7, 17 145, 20-146, 3
[16, 13, 3 19, 14] 17, 7, 53 192, 9-10
16, 13, 9 161, 1-2 17, 3, 2 149, 3-9
16, 14, 4 194, 11-12. 17-19 17, 3, 4 149, 12-17
16, 14, 7 133, 2-13 17, 5, 3 192, 13-193, 2
16, 14, 8 136, 9-11 17, 3, 10 135, 13-16
16, 14, 9 160, 14 17, 3, 13 193, 4—5
16, 14, 10 42, 2-5 17, 3, 14 154, 15-13
16, 15, 5 159, 5-6 17, 9, 5 *162, 6—10
16, 15, 8 152, 21 17, 9, 25 172, 14—15
16, 15, 11 160, 12-14 17, 9, 26 109, 14—15
16, 15, 12 73, 13-74, 3 17, 9, 27 126, 5-6
16, 15, 14 153, 4; 153, 6-3 17, 9, 29 95, 3—5
16, 15, 17 160, 3-5 19, 17, 3 113, 11-13
16, 15, 13 159, 15 19, 26, 10 143, 9—10
16, 15, 20 160, 10 20, 10, 10 147, 9-13
ALDHELMUS ED. GILES SOLINUS
p. 283 94, 15-16
291 69, 3
292 91, 7
323 94, 14—153 100, 14-101, 1; 120, 14—-15
324 163, 18—19
BEDA HIST. ECCL. GENTIS ANGL. SOLINUS
1,1 99,14-100,2;*101,6—10;*102‚4sqq.
1, 25 101, 6

DICUIL SOLINUS DICU‘IL SOLlNUS
6, 6—11 137, 18—139‚ 11 *7, 37 143, 5-6. 3-10
6, 22 156, 15-19 7, 33 141, 9-11
6, 24-26 157, 10-153, 3 7, 39 144, 3-9
6, 23 134, 12-13 7, 40 202, 4-5
6, 29 135, 6-10 7, 40 207, 7-216, 2
6, 30 190, 15-191, 2 7, 41-45 149, 13-150, 4
6, 31 190, 7-14 7, 51 92, 3-12
6, 32 134, 2-7 7, 52 32, 5-9
6, 33-35 120, 17-121, 17 3, 9 49, 13-17
6, 35 30, 11-31, 4 3, 12 115, 17-21
7, 10 101, 11-102, 2 3, 13 105, 10-16
7, 16-13 90, 10-97, 9 3, 20 99, 14-100, 2
7, 25 191, 3—7; 192, 10-12 3, 21 100, 5-3
7, 26-30 195, 16-197, 3 3, 22 100, 12-14
7, 32 196, 6-7 S, 23 , 102, 4. 5
7, 33 112, 3-9; *196, 7, 3 9, 1 ¹ 62, 4—11
7, 31 119, 11—17 9, 34 ἕ 109, 7-110, 3
7, 35 97, 3 9, 6 *109, 7-110, 3
7, 36 134,3-9;133,2-0 1

 

 

