PLINIUS. ¹

3, 146
11, 147
3, 149

4 1
4 Ζ
4, 5
4, 6
4, 7
4 S
4, 9
4,13
4,16
4,17
4, 16
4, 19
4, 20
4, 21

4’ 23
4, 24

4, 25
4, 26
4, 27
4, 28
4, 29

4, 30
4, 32
4, 33
4, 35
4, 37
4, 38
4, 39
4, 40
4, 41
4, 42
4, 43
4, 44
4, 46
4, 47
4, 48
4, 49
4, 50
4, 51

4, 53
4, 56
4, 58
4, 59
4, 61)
4, 62

63
4, 64
4, 65
4, 66
4, 67
4, 68
4, 70

 

 

SOLINUS. PL1N1L‘S.
*99, s 4, 71
*99, 5
*99, 16 4, 12

55, 1 4, 15
55, 2 4, 16
55, 5 4, 19
55, 6. S 4, 50
55, 7 4, 55
55, 1
*58, 2 4, 59
56, 1 4, 90
*56, 8 4, 91
*56, 19 4, 92
*56, 19; 57,13 4, 93
51, 13 4, 94
*51, 2 4, 95
*51, 4 4, 96
56, 6 4, 97
55, 11. 14; 4, 106
*59, 1 4, 162
59, 6. 9 4, 163
*59, 11 4, 164
60, 2 4, 165
*61,1(1;61,13 4,113
61,12.13· 4, 114
*61,19 4,115
61,14;*61,26 4,116
62,16’ 4,119
63, 1; 65, 6 4, 120
63, 9 5, 1
63, 10 5, 2
63, 1. S 5, 3
66, 11 5, 5
63, 1, 61, 3. 21 5, 6·
61, 21, 66, 5 5, 1
68, 9. 10 5, 3
68, 16; 11, 1 5, 9
69, 2; 11, 7 5,10
70, 5 5, 12
70, s 5, 13
70, 16 5, 14
71, 1. 5
71, 5 o, 15
71‚7.9;76,12; 5,16
*106, 10 ³, 18
11, 12 5, 19
11, 14 5, 26
12, 1. 5. 1 0, 22
72, 6
³272, 15 5, 23
*59, 2
15, 15
74, 4. 6 5, 24
14, 10 5, 25 ¹
*74,13;*74,17 5, 26 1
16, 3. 7. 9 5, 21

16,1ο;*166,1ο .,

16, 19

’ =110 15·

239

δυΙᾸΜῘδ.

76, *211Ἰ *77, 1

*77, 1¹3007'7303
77, 13

77, 18
50,11.13;51,1
96, 1

81, 153 52, 53

56, 6

66, 15, 69, 5
59, 1. 13
55,15; 69, 16
92, 5
91,26;92,4.16
92, 12

93, 11

95, 15

1<97, 11

96, 2

100, 1; 102, 4

166,14;161,11

101, 11

95, 26

103, 17

103, 16

164, 4

164, 5

164,

105, 5

105, 3

107, 2

108, 6

169, 6

109, 7

109, 1

110,

110, 3. 3

110, 12

114, 7

110, 5. 12. 15

109, 12. 16;
116, 16

169,16;116,13

169,14; 116,11

111, 2

113, 17

113, 16. 15·

114, 5. 9 10,
*116, 16

, 11415ς 115,173

*1113, 93 *116,
115612, *117‚2

111011

111), 2; 124, 5

124,13.1’1
*125, 6

116,7 ;136 ’3

PLINIUS. ᾖ

5, 31

5, 32
5, 33
wostr.)
5, 34
5, 36
5, 35
5, 42
5, 43
5, 44
5, 45

5, 47
5, 46
5, 51
5, 52
5, 53

5, 54
5, 55
5, 56
5, 57
5, 56
5’ 59
5, 60

’ 161,

SOLINUS.

125, 10. 133
127, 6

115, 20

116,1; *126,1;
*l'ZQ 17

, 125, 13

128, 2¹03 129,19
116, 13 129,14
*130, 4
136, 13
130, s
*1311,11;136,16;
131, 2. 6
166, 1
137, 19
135, 2. 4
*1315 ὃς 135, 9
130, ὃς 135, 14³
139, 9;*14-.),2
139, 5. 10
139, 12
141, 5

,141,1.13.19

141, 16. 19
142, 2.
146, 21
147, 3
139, 10, 147, 7
141, 173 145, 5.
153, 11. 13
153, 14
154, 33 *154, 11
154, 3. S
154, 6. 12
155, 14. 23

*156, 5
156, 10
156, 15
156, 17
156, 19
1513, 21
161,14;162,111;

*163‚ 5
163, 9. 10

163, 18
164, 3
164, 12
166, 3

8. 10

*168, 1
168, 12

*167, 14

*166, 7

‘ 165,13
· 166,

16
169, 1

 

169, ‘2

