241

 

 

 

PLINIUS. ζ SOLINUS. PLINIUS-1 SOLINUS. PLINIUS. SOLINUS.
7, 104 ι 8, 66 90, 9. 12 8, 130 115, 5
7,105 26, 13 8, 67 181, 8. 13 8, 131 114,11,*115,10
7, 106 f 8, 68 181, 14. 22 8, 136 120, 10
7, 109 29, 1 8, 69 133, 14 8, 112 83, 18, 81, 2
7, 110 29, 19 8, 70 133, 18 8, 143 83, 20, 84, 4
7, 112 29, 11. 16 8, 71 134, 2 8, 145 84, 5
7, 113 29, 16 8, 72 128, 3.7; 189,4 8, 146 84, 9
7, 114 29, 15 8, 73 189, 9, 190, 7 8, 147 84, 10
7, 118 29, 21 8, 74 189, 16 8, 148 84, 13
7, 120 28, 16, 730, 7 8, 75 190, 1 8, 149 83, 7
7, 121 29, 24 8, 76 190, 7 8, 150 83, 14
7, 133 28, 21 8, 77 134, 8 8, 154 174, 15; 175,2
7, 137 31, 1 8, 78 126, 12 8, 155 175, 8. 13
7, 147 8, 79 127, 2 8, 156 175, 11
7, 148 11 23 8, 80 40, 5 8, 157 175, 18
7, 149 ³ 8, 83 40, 8 8, 158 175, 18
7, 150 8, 84 40, 11 8, 159 176, 2
7, 151 31, 3 8, 85 122, 4 8, 160 176, 2
7, 191 184, 6 8, 86 122,11, 123,8 8, 161 176, 6
7, 193 32, 11 8, 87 123, 11 8, 162 176, 8
7, 204 *72, 11 8, 89 143, 5. 11 8, 163 176, 10
8, 1 111, 5 8, 90 143, 14 8, 164 176, 9. 14
8, 2 111, 6 8, 91 78,11;143,19, 8,165 176, 14
8, 3 111, 8 144, 12 8, 166 104, 5, 177, 2
8, 4 184, 7 8, 92 144, 1 8, 184 142, 5
8, 6 *112, 7 8, 93 144, 5 8, 185 142, 12
8, 7 111, 13 8, 94 144, 8 8, 186 142, 17
8, 8 111, 10 8, 95 144, 16 8, 212 148, 10
8, 9 111, 21 8, 96 145, 3 8, 215 127,14; *128,3
8,11 111, 14 8, 97 95, 5, *145,8 8, 216 128, 1.4. 10,
8, 13 111, 17 8, 100 91, 9, 112,15 *128, 8
8, 16 113, 13 8, 101 91, 13, 95,6, 8, 227 73, 13
8, 23 112, 2 115, 8, 170, 8, 228 73, 13. 18
8, 27 112, 8 17 9, 4 190, 15; 191, 3
8, 28 112, 9 8,104 39, 10 9, 8 191, 4
8, 29 112, 12 8, 105 120, 17 9, 11 153, 16
8, 30 112, 16 8, 106 121, 3. 11 9, 20 78, 4. 10
8, 32 112, 17 8, 107 121, 12 9, 21 78, 5. 13
8, 33 112, 18, 113,8 8, 108 121, 18 9, 22 78, 8. 13
8, 34 113, 5. 9 8, 109 81, 5 9, 23 78, 11. 14
8, 37 40, 2 8, 112 94, 5 9, 24 78, 5. 18
8, 38 96, 10. 12 8, 113 91, 10 9, 25 78, 11. 18
8, 39 96, 16, *97, 2 8, 114 94, 11 9, 26 79, 7
8, 40 97, 1, 168, 4 8, 115 94, 14 9, 27 79, 13
8, 41 120, 4 8, 116 94, 16, 95, 3 9, 28 80, 2, *56, 3
8, 42 118, 4 8, 117 95, 2 9, 30 78, 16
8, 43 91, 17 8, 118 95, 4 9, 33 80, 4
8, 45 119, 13 8, 119 95, 8. 10 9, 46 190, 16
8, 46 118, 2. 5 8, 120 95, 15, 170, 4 9, 47 80, 6
8, 47 119, 5 8, 121 170, 6 9, 49 80, 6
8, 48 *119, 6 8, 122 134, 19, 170, 13 9, 50 80, 6. 9
8, 49 119, 16 8, 123 134, 13, 135,4 9, 87 *134, 19
8, 50 119, 18 8, 124 134, 15 9, 106 199,14,200, 19
8, 51 120, 7 8, 125 135, 7 9, 107 199, 14
8, 52 120, 8 8, 126 114, 12; 115, 3 9, 108 200, 4
8, 53 120, 15 8, 127 115, 1 9, 109 200, 7
8, 62 90, 10, 91, 3 8, 128 114, 21 9, 110 200, 14
8, 63 91, 16 8, 129 115, 4. 7 9, 111 200, 16

Solinus. 16

