INDEX LOCORUM

A SOLINO COMPILATORUM VEL Ex SOLINO DESVMPTORUM.

Solini loci, qui asterisco notantur, longius recedunt ab iuxta positis. —— Admisi locos
similes Appulei et Ammiani, quamquam hi non Solinum videntur compilavisse,
sed Solini auctorem proximum (praef. Ι). XVII seq.)

MELA. ’ SOLINUS.
1 6 1 130 2
1} 9} 6 1 146} 18
1, 13, 3 162, 10
1‚13,4 1 163, 3
1, 15, 2 166, 7
1, 19, 20 *90, 1
2, 1, 6 62, 5
3 Η) {Ji ῗὲ
Ξῖ 1} 10 ' 82} 123 85, 3
ss’ {ss {2⁵ ἑ
Ξζ 1} 13 1 62ζ1.11.16
PLINIUS SOLINUS.
2, 107 *146, 11
433 1333 13
2, 216 *116, 3
2, 225 51, 7
2, 228 *55, 5
2, 230 *60, 6
2, 231 *51, 6
2, 135 *99, 11
2, 236 *49, 11
3, 3 105, 10. 12
3, 4 105, 12
3, 5 36, 1
3, 1 104, 7
3, 19 104, 6
2 {1 13 38
3} 41 *31,' 11; 31,20
3, 43 36, 143 37,10

 

3, 44 37, 12. 15

Ξ
1·=1
,ἡ
1>

, 1, ί14

«ι

Ν ts'tJQJQJ—'JJQJQJOJQJQ *³8³⁴ ΝΑ
ἿΦῚρῚ-ῐὺῃωηωνωὶμ ,ΞΨὌΙΨῚΙΦὈΝΔὮΝ
ιῦᾱὶμφῦὶυῑωξεβαῖιῦὸῡυ

υ»

PLINIUS.
3, 50
3, 51
3, 56

3, 51
3, 59
3, 62
3, 63
3, 65
3, 70
3, 12
3, 73
3, 74
3, 75
3, 76
3, 77
3, 78
3, 60
3, 61
3, 62

 

 

SOLINUS.
62, 10
61, 6
61, 10
66, 4. 6
06, 10. 13

*62, 6; 11, 5
56, 2

55, 4

60, 4

56, 3

36, 10. 15
36, 17

103, 5. 11

QLINUS.

32, 9. 10
32, 11. *33, 1
*31, 31ἑὲ;932, 2;
⁷5
37, 5
37, 73 39, 10
*33, 10
32, 11
3, 12
32, S ⁷
33, 23 34, 5
37, 2
105, 17
106, 2
104, 17; 105,-1
105, 2
104, 11; 105,2
45, 1
44, 18
44, 16, 45, 3

ί
[11
Γ*
ψ

U.
ὢῠῦιῦν-’Φῆὸωσιῐῦνάν-’ω -

'oefflwuoewmqoeqwqoequwva-vum ³
ιο φξβηεοφμῐιψφνήῃῌῑι*
-1

u«.

PLINIUS. ¹

3, 85
3, 66
3, 61
3, 66
3, 69
3, 92
3, 93
3, 95

3, 91

3, 99

3, 102
3, 104
3, 106
3, 109
3, 111
3, 112
3, 111
3, 116
3, 133

SOLINUS.

103, 10
*49, 12
101, 5
101, 9
100, 5
166, 15
186, 8
145, 10
131, 15. 16
131, 20
132, 6. *11
132, 9, 11

SOLINUS.

1 45, 23 ⁹⁵46, 3
37, 6

g 48, 43 49, 2

1 49, 1

49, 11; 50, 12

, 54, 6. 11

54, 11. 15
33,16; 31,13;

= 38, 1
³ 38, 2

2 *34, 14

ε 32, 10

’ *33, 14
32, 1
31, 15
34, 2
34, 12
36, 4
38, 9
ι *99, 6

 

 

